,depature_day,depature_time,depature_office,arrival_office,car_type,lead_time,unused
168,20190401,0,101,105,1,606.0,
13204,20190401,1,101,105,1,597.0,
22811,20190401,2,101,105,1,601.0,
30508,20190401,3,101,105,1,600.0,
38233,20190401,4,101,105,1,605.0,
48171,20190401,5,101,105,1,634.0,
65352,20190401,6,101,105,1,745.0,
92676,20190401,7,101,105,1,1001.0,
127593,20190401,8,101,105,1,1107.0,
165003,20190401,9,101,105,1,1047.0,
202355,20190401,10,101,105,1,1009.0,
241831,20190401,11,101,105,1,1056.0,
282578,20190401,12,101,105,1,1011.0,
322268,20190401,13,101,105,1,935.0,
362672,20190401,14,101,105,1,923.0,
403530,20190401,15,101,105,1,952.0,
444248,20190401,16,101,105,1,994.0,
484084,20190401,17,101,105,1,1069.0,
522439,20190401,18,101,105,1,1201.0,
558264,20190401,19,101,105,1,1269.0,
589062,20190401,20,101,105,1,1150.0,
614986,20190401,21,101,105,1,1005.0,
637596,20190401,22,101,105,1,907.0,
656665,20190401,23,101,105,1,832.0,
672596,20190402,0,101,105,1,613.0,
686907,20190402,1,101,105,1,611.0,
698321,20190402,2,101,105,1,610.0,
708340,20190402,3,101,105,1,604.0,
718190,20190402,4,101,105,1,608.0,
730635,20190402,5,101,105,1,619.0,
750298,20190402,6,101,105,1,657.0,
781251,20190402,7,101,105,1,748.0,
820155,20190402,8,101,105,1,892.0,
861769,20190402,9,101,105,1,933.0,
905707,20190402,10,101,105,1,1028.0,
952852,20190402,11,101,105,1,1111.0,
1000211,20190402,12,101,105,1,1384.0,
1046598,20190402,13,101,105,1,1249.0,
1093591,20190402,14,101,105,1,1158.0,
1141163,20190402,15,101,105,1,1040.0,
1188123,20190402,16,101,105,1,964.0,
1234310,20190402,17,101,105,1,937.0,
1279642,20190402,18,101,105,1,1169.0,
1322242,20190402,19,101,105,1,1124.0,
1358435,20190402,20,101,105,1,1004.0,
1388688,20190402,21,101,105,1,906.0,
1414582,20190402,22,101,105,1,834.0,
1436525,20190402,23,101,105,1,776.0,
1455497,20190403,0,101,105,1,616.0,
1471946,20190403,1,101,105,1,608.0,
1485230,20190403,2,101,105,1,607.0,
1496652,20190403,3,101,105,1,600.0,
1508213,20190403,4,101,105,1,607.0,
1522687,20190403,5,101,105,1,618.0,
1545498,20190403,6,101,105,1,653.0,
1581144,20190403,7,101,105,1,751.0,
1626051,20190403,8,101,105,1,857.0,
1674190,20190403,9,101,105,1,975.0,
1725214,20190403,10,101,105,1,1009.0,
1779125,20190403,11,101,105,1,1115.0,
1832517,20190403,12,101,105,1,1164.0,
1878406,20190403,13,101,105,1,1052.0,
1925024,20190403,14,101,105,1,979.0,
1972720,20190403,15,101,105,1,927.0,
2020106,20190403,16,101,105,1,892.0,
2066410,20190403,17,101,105,1,1003.0,
2111079,20190403,18,101,105,1,1174.0,
2153179,20190403,19,101,105,1,1286.0,
2189562,20190403,20,101,105,1,1122.0,
2219629,20190403,21,101,105,1,988.0,
2245430,20190403,22,101,105,1,888.0,
2267050,20190403,23,101,105,1,807.0,
2283993,20190404,0,101,105,1,589.0,
2298625,20190404,1,101,105,1,588.0,
2310194,20190404,2,101,105,1,589.0,
2319899,20190404,3,101,105,1,588.0,
2330626,20190404,4,101,105,1,596.0,
2344114,20190404,5,101,105,1,611.0,
2366767,20190404,6,101,105,1,660.0,
2403010,20190404,7,101,105,1,702.0,
2447310,20190404,8,101,105,1,863.0,
2494510,20190404,9,101,105,1,961.0,
2543051,20190404,10,101,105,1,1071.0,
2594927,20190404,11,101,105,1,1182.0,
2647796,20190404,12,101,105,1,1272.0,
2701423,20190404,13,101,105,1,1187.0,
2749559,20190404,14,101,105,1,1099.0,
2798356,20190404,15,101,105,1,1020.0,
2847296,20190404,16,101,105,1,973.0,
2895583,20190404,17,101,105,1,993.0,
2943832,20190404,18,101,105,1,1210.0,
2987625,20190404,19,101,105,1,1279.0,
3026106,20190404,20,101,105,1,1143.0,
3057698,20190404,21,101,105,1,1010.0,
3086167,20190404,22,101,105,1,905.0,
3108235,20190404,23,101,105,1,825.0,
3130187,20190405,0,101,105,1,599.0,
3148157,20190405,1,101,105,1,598.0,
3161537,20190405,2,101,105,1,592.0,
3174115,20190405,3,101,105,1,602.0,
3186842,20190405,4,101,105,1,598.0,
3202549,20190405,5,101,105,1,608.0,
3225970,20190405,6,101,105,1,646.0,
3263124,20190405,7,101,105,1,769.0,
3309112,20190405,8,101,105,1,915.0,
3358506,20190405,9,101,105,1,978.0,
3410820,20190405,10,101,105,1,1033.0,
3465230,20190405,11,101,105,1,1104.0,
3515150,20190405,12,101,105,1,1162.0,
3563555,20190405,13,101,105,1,1185.0,
3612629,20190405,14,101,105,1,1346.0,
3663013,20190405,15,101,105,1,1351.0,
3713832,20190405,16,101,105,1,1506.0,
3764158,20190405,17,101,105,1,1519.0,
3813637,20190405,18,101,105,1,1501.0,
3861640,20190405,19,101,105,1,1603.0,
3905883,20190405,20,101,105,1,1729.0,
3945900,20190405,21,101,105,1,1520.0,
3980748,20190405,22,101,105,1,1270.0,
4009442,20190405,23,101,105,1,1090.0,
4033380,20190406,0,101,105,1,616.0,
4053796,20190406,1,101,105,1,613.0,
4069710,20190406,2,101,105,1,606.0,
4082739,20190406,3,101,105,1,605.0,
4095316,20190406,4,101,105,1,610.0,
4109985,20190406,5,101,105,1,632.0,
4132268,20190406,6,101,105,1,697.0,
4165880,20190406,7,101,105,1,950.0,
4208006,20190406,8,101,105,1,1270.0,
4255049,20190406,9,101,105,1,1341.0,
4307039,20190406,10,101,105,1,1223.0,
4362368,20190406,11,101,105,1,1248.0,
4411764,20190406,12,101,105,1,1151.0,
4459210,20190406,13,101,105,1,1060.0,
4505399,20190406,14,101,105,1,1137.0,
4551560,20190406,15,101,105,1,1106.0,
4597835,20190406,16,101,105,1,1143.0,
4644575,20190406,17,101,105,1,1147.0,
4690804,20190406,18,101,105,1,1106.0,
4734874,20190406,19,101,105,1,1092.0,
4773961,20190406,20,101,105,1,997.0,
4808714,20190406,21,101,105,1,908.0,
4838840,20190406,22,101,105,1,837.0,
4840432,20190407,17,101,105,1,1197.0,
4840482,20190407,20,101,105,1,1141.0,
4840558,20190407,13,101,105,1,723.0,
4840586,20190407,16,101,105,1,1225.0,
4840685,20190407,22,101,105,1,951.0,
4840858,20190407,12,101,105,1,701.0,
4840966,20190407,19,101,105,1,1234.0,
4841101,20190407,0,101,105,1,610.0,
4841187,20190407,1,101,105,1,602.0,
4841372,20190407,8,101,105,1,640.0,
4841506,20190407,21,101,105,1,1056.0,
4841670,20190407,15,101,105,1,1139.0,
4841689,20190407,2,101,105,1,599.0,
4841770,20190407,3,101,105,1,592.0,
4841824,20190407,4,101,105,1,588.0,
4841908,20190407,5,101,105,1,598.0,
4841981,20190407,9,101,105,1,668.0,
4842260,20190407,11,101,105,1,703.0,
4842330,20190407,14,101,105,1,1023.0,
4842353,20190407,18,101,105,1,1241.0,
4842458,20190407,23,101,105,1,862.0,
4842506,20190407,6,101,105,1,605.0,
4842605,20190407,7,101,105,1,626.0,
4842971,20190407,10,101,105,1,697.0,
4864034,20190406,23,101,105,1,780.0,
5593926,20190408,0,101,105,1,611.0,
5611021,20190408,1,101,105,1,610.0,
5623595,20190408,2,101,105,1,618.0,
5634017,20190408,3,101,105,1,607.0,
5644943,20190408,4,101,105,1,609.0,
5659893,20190408,5,101,105,1,638.0,
5684984,20190408,6,101,105,1,813.0,
5723360,20190408,7,101,105,1,1048.0,
5770847,20190408,8,101,105,1,1388.0,
5821398,20190408,9,101,105,1,1520.0,
5872956,20190408,10,101,105,1,1346.0,
5927324,20190408,11,101,105,1,1249.0,
5982089,20190408,12,101,105,1,1181.0,
6035804,20190408,13,101,105,1,1092.0,
6083794,20190408,14,101,105,1,1005.0,
6131769,20190408,15,101,105,1,936.0,
6178743,20190408,16,101,105,1,881.0,
6225249,20190408,17,101,105,1,909.0,
6270187,20190408,18,101,105,1,932.0,
6312024,20190408,19,101,105,1,1106.0,
6347838,20190408,20,101,105,1,1033.0,
6377858,20190408,21,101,105,1,928.0,
6403955,20190408,22,101,105,1,844.0,
6426167,20190408,23,101,105,1,780.0,
6445892,20190409,0,101,105,1,613.0,
6462752,20190409,1,101,105,1,608.0,
6476271,20190409,2,101,105,1,601.0,
6487925,20190409,3,101,105,1,605.0,
6499836,20190409,4,101,105,1,610.0,
6514538,20190409,5,101,105,1,620.0,
6538386,20190409,6,101,105,1,665.0,
6572442,20190409,7,101,105,1,757.0,
6611370,20190409,8,101,105,1,894.0,
6653841,20190409,9,101,105,1,923.0,
6698734,20190409,10,101,105,1,956.0,
6746852,20190409,11,101,105,1,1021.0,
6794591,20190409,12,101,105,1,1022.0,
6841252,20190409,13,101,105,1,950.0,
6888771,20190409,14,101,105,1,898.0,
6936975,20190409,15,101,105,1,860.0,
6984992,20190409,16,101,105,1,848.0,
7031981,20190409,17,101,105,1,899.0,
7077217,20190409,18,101,105,1,1130.0,
7118739,20190409,19,101,105,1,1372.0,
7154376,20190409,20,101,105,1,1375.0,
7184566,20190409,21,101,105,1,1200.0,
7210007,20190409,22,101,105,1,1058.0,
7231839,20190409,23,101,105,1,951.0,
7232160,20190410,15,101,105,1,915.0,
7232217,20190410,22,101,105,1,805.0,
7232247,20190410,11,101,105,1,940.0,
7232281,20190410,21,101,105,1,871.0,
7232292,20190410,1,101,105,1,648.0,
7232330,20190410,2,101,105,1,642.0,
7232382,20190410,3,101,105,1,642.0,
7232425,20190410,4,101,105,1,637.0,
7232454,20190410,16,101,105,1,879.0,
7232556,20190410,18,101,105,1,1010.0,
7232561,20190410,5,101,105,1,644.0,
7232654,20190410,12,101,105,1,978.0,
7232717,20190410,17,101,105,1,947.0,
7232820,20190410,8,101,105,1,848.0,
7232837,20190410,6,101,105,1,670.0,
7232941,20190410,7,101,105,1,756.0,
7233103,20190410,20,101,105,1,952.0,
7233226,20190410,23,101,105,1,755.0,
7233241,20190410,10,101,105,1,843.0,
7233349,20190410,14,101,105,1,949.0,
7233416,20190410,19,101,105,1,1052.0,
7233572,20190410,0,101,105,1,656.0,
7233634,20190410,9,101,105,1,839.0,
7233707,20190410,13,101,105,1,960.0,
8052796,20190411,0,101,105,1,599.0,
8069660,20190411,1,101,105,1,593.0,
8083053,20190411,2,101,105,1,588.0,
8094729,20190411,3,101,105,1,594.0,
8106561,20190411,4,101,105,1,597.0,
8121374,20190411,5,101,105,1,608.0,
8145078,20190411,6,101,105,1,658.0,
8181746,20190411,7,101,105,1,734.0,
8228190,20190411,8,101,105,1,830.0,
8277897,20190411,9,101,105,1,959.0,
8331175,20190411,10,101,105,1,1174.0,
8387638,20190411,11,101,105,1,1355.0,
8443724,20190411,12,101,105,1,1392.0,
8498586,20190411,13,101,105,1,1217.0,
8547300,20190411,14,101,105,1,1118.0,
8596675,20190411,15,101,105,1,1063.0,
8645764,20190411,16,101,105,1,1105.0,
8694118,20190411,17,101,105,1,1134.0,
8740899,20190411,18,101,105,1,1215.0,
8785185,20190411,19,101,105,1,1328.0,
8823188,20190411,20,101,105,1,1267.0,
8855183,20190411,21,101,105,1,1090.0,
8882836,20190411,22,101,105,1,962.0,
8905922,20190411,23,101,105,1,864.0,
8928410,20190412,0,101,105,1,612.0,
8946278,20190412,1,101,105,1,606.0,
8960589,20190412,2,101,105,1,616.0,
8973116,20190412,3,101,105,1,614.0,
8985930,20190412,4,101,105,1,613.0,
9001900,20190412,5,101,105,1,626.0,
9027004,20190412,6,101,105,1,664.0,
9065894,20190412,7,101,105,1,724.0,
9114405,20190412,8,101,105,1,851.0,
9167019,20190412,9,101,105,1,900.0,
9221047,20190412,10,101,105,1,910.0,
9278057,20190412,11,101,105,1,1053.0,
9331398,20190412,12,101,105,1,980.0,
9380959,20190412,13,101,105,1,949.0,
9431544,20190412,14,101,105,1,1084.0,
9483505,20190412,15,101,105,1,1279.0,
9535687,20190412,16,101,105,1,1239.0,
9587839,20190412,17,101,105,1,1233.0,
9638962,20190412,18,101,105,1,1328.0,
9688524,20190412,19,101,105,1,1423.0,
9734196,20190412,20,101,105,1,1460.0,
9774871,20190412,21,101,105,1,1403.0,
9810376,20190412,22,101,105,1,1199.0,
9839366,20190412,23,101,105,1,1038.0,
9865589,20190413,0,101,105,1,627.0,
9886862,20190413,1,101,105,1,616.0,
9903500,20190413,2,101,105,1,607.0,
9917469,20190413,3,101,105,1,600.0,
9930842,20190413,4,101,105,1,606.0,
9946815,20190413,5,101,105,1,623.0,
9970826,20190413,6,101,105,1,656.0,
10006906,20190413,7,101,105,1,777.0,
10050645,20190413,8,101,105,1,910.0,
10099731,20190413,9,101,105,1,900.0,
10152982,20190413,10,101,105,1,900.0,
10210486,20190413,11,101,105,1,1029.0,
10262159,20190413,12,101,105,1,1067.0,
10311212,20190413,13,101,105,1,1097.0,
10358383,20190413,14,101,105,1,1085.0,
10405719,20190413,15,101,105,1,1249.0,
10453902,20190413,16,101,105,1,1297.0,
10502202,20190413,17,101,105,1,1322.0,
10549874,20190413,18,101,105,1,1395.0,
10596369,20190413,19,101,105,1,1465.0,
10637964,20190413,20,101,105,1,1432.0,
10673877,20190413,21,101,105,1,1334.0,
10705703,20190413,22,101,105,1,1145.0,
10709662,20190414,11,101,105,1,695.0,
10709765,20190414,18,101,105,1,1230.0,
10709776,20190414,8,101,105,1,635.0,
10709838,20190414,9,101,105,1,651.0,
10709880,20190414,20,101,105,1,1010.0,
10709954,20190414,22,101,105,1,860.0,
10710018,20190414,15,101,105,1,1081.0,
10710030,20190414,23,101,105,1,790.0,
10710210,20190414,6,101,105,1,608.0,
10710473,20190414,21,101,105,1,935.0,
10710500,20190414,2,101,105,1,607.0,
10710578,20190414,3,101,105,1,601.0,
10710619,20190414,4,101,105,1,608.0,
10710664,20190414,5,101,105,1,607.0,
10710744,20190414,13,101,105,1,715.0,
10710852,20190414,17,101,105,1,1258.0,
10711051,20190414,14,101,105,1,847.0,
10711352,20190414,0,101,105,1,613.0,
10711470,20190414,1,101,105,1,608.0,
10711649,20190414,12,101,105,1,704.0,
10711719,20190414,19,101,105,1,1105.0,
10711880,20190414,16,101,105,1,1163.0,
10712037,20190414,7,101,105,1,619.0,
10712136,20190414,10,101,105,1,676.0,
10732641,20190413,23,101,105,1,999.0,
11479246,20190415,0,101,105,1,618.0,
11496920,20190415,1,101,105,1,615.0,
11510142,20190415,2,101,105,1,611.0,
11521171,20190415,3,101,105,1,612.0,
11532729,20190415,4,101,105,1,607.0,
11548437,20190415,5,101,105,1,641.0,
11575430,20190415,6,101,105,1,746.0,
11616777,20190415,7,101,105,1,923.0,
11667852,20190415,8,101,105,1,1019.0,
11722031,20190415,9,101,105,1,1008.0,
11777049,20190415,10,101,105,1,1031.0,
11835512,20190415,11,101,105,1,1120.0,
11894227,20190415,12,101,105,1,1218.0,
11950548,20190415,13,101,105,1,1108.0,
12003358,20190415,14,101,105,1,1048.0,
12052414,20190415,15,101,105,1,981.0,
12101268,20190415,16,101,105,1,924.0,
12148836,20190415,17,101,105,1,988.0,
12195304,20190415,18,101,105,1,1114.0,
12238496,20190415,19,101,105,1,1320.0,
12275633,20190415,20,101,105,1,1463.0,
12307140,20190415,21,101,105,1,1232.0,
12334328,20190415,22,101,105,1,1057.0,
12357367,20190415,23,101,105,1,929.0,
12380046,20190416,0,101,105,1,589.0,
12397927,20190416,1,101,105,1,589.0,
12412600,20190416,2,101,105,1,592.0,
12425374,20190416,3,101,105,1,593.0,
12438211,20190416,4,101,105,1,595.0,
12454614,20190416,5,101,105,1,613.0,
12480930,20190416,6,101,105,1,669.0,
12515631,20190416,7,101,105,1,743.0,
12558511,20190416,8,101,105,1,878.0,
12604469,20190416,9,101,105,1,938.0,
12652764,20190416,10,101,105,1,1012.0,
12703791,20190416,11,101,105,1,1125.0,
12753446,20190416,12,101,105,1,1141.0,
12801982,20190416,13,101,105,1,1087.0,
12850821,20190416,14,101,105,1,1104.0,
12900437,20190416,15,101,105,1,1135.0,
12949563,20190416,16,101,105,1,1095.0,
12998409,20190416,17,101,105,1,1047.0,
13045657,20190416,18,101,105,1,1175.0,
13089739,20190416,19,101,105,1,1193.0,
13127412,20190416,20,101,105,1,1076.0,
13158826,20190416,21,101,105,1,957.0,
13185827,20190416,22,101,105,1,867.0,
13208758,20190416,23,101,105,1,795.0,
13230210,20190417,0,101,105,1,580.0,
13247841,20190417,1,101,105,1,582.0,
13262009,20190417,2,101,105,1,584.0,
13274401,20190417,3,101,105,1,592.0,
13287027,20190417,4,101,105,1,595.0,
13302700,20190417,5,101,105,1,611.0,
13328202,20190417,6,101,105,1,660.0,
13367351,20190417,7,101,105,1,752.0,
13415614,20190417,8,101,105,1,901.0,
13467107,20190417,9,101,105,1,1131.0,
13520207,20190417,10,101,105,1,1282.0,
13576170,20190417,11,101,105,1,1323.0,
13631331,20190417,12,101,105,1,1257.0,
13679320,20190417,13,101,105,1,1131.0,
13727846,20190417,14,101,105,1,1037.0,
13777360,20190417,15,101,105,1,972.0,
13826379,20190417,16,101,105,1,959.0,
13874191,20190417,17,101,105,1,1039.0,
13920518,20190417,18,101,105,1,1071.0,
13963933,20190417,19,101,105,1,1078.0,
14001620,20190417,20,101,105,1,1064.0,
14032941,20190417,21,101,105,1,980.0,
14059753,20190417,22,101,105,1,886.0,
14082704,20190417,23,101,105,1,818.0,
14104609,20190418,0,101,105,1,613.0,
14122684,20190418,1,101,105,1,611.0,
14136776,20190418,2,101,105,1,606.0,
14148658,20190418,3,101,105,1,603.0,
14160690,20190418,4,101,105,1,605.0,
14175964,20190418,5,101,105,1,617.0,
14200389,20190418,6,101,105,1,667.0,
14238427,20190418,7,101,105,1,776.0,
14285530,20190418,8,101,105,1,959.0,
14336136,20190418,9,101,105,1,1024.0,
14389770,20190418,10,101,105,1,1012.0,
14446338,20190418,11,101,105,1,1087.0,
14502961,20190418,12,101,105,1,1308.0,
14555575,20190418,13,101,105,1,1178.0,
14604548,20190418,14,101,105,1,1065.0,
14654130,20190418,15,101,105,1,993.0,
14703555,20190418,16,101,105,1,922.0,
14751683,20190418,17,101,105,1,882.0,
14798782,20190418,18,101,105,1,1048.0,
14842839,20190418,19,101,105,1,1166.0,
14880911,20190418,20,101,105,1,1069.0,
14912652,20190418,21,101,105,1,961.0,
14940293,20190418,22,101,105,1,872.0,
14963111,20190418,23,101,105,1,799.0,
14985744,20190419,0,101,105,1,602.0,
15003607,20190419,1,101,105,1,594.0,
15018085,20190419,2,101,105,1,588.0,
15030560,20190419,3,101,105,1,613.0,
15043372,20190419,4,101,105,1,605.0,
15059570,20190419,5,101,105,1,617.0,
15085276,20190419,6,101,105,1,686.0,
15124481,20190419,7,101,105,1,762.0,
15172510,20190419,8,101,105,1,839.0,
15225126,20190419,9,101,105,1,861.0,
15279449,20190419,10,101,105,1,940.0,
15336602,20190419,11,101,105,1,1030.0,
15393583,20190419,12,101,105,1,1300.0,
15443134,20190419,13,101,105,1,1344.0,
15493735,20190419,14,101,105,1,1287.0,
15545728,20190419,15,101,105,1,1183.0,
15598093,20190419,16,101,105,1,1124.0,
15649669,20190419,17,101,105,1,1102.0,
15700786,20190419,18,101,105,1,1161.0,
15750173,20190419,19,101,105,1,1432.0,
15795531,20190419,20,101,105,1,1506.0,
15835455,20190419,21,101,105,1,1294.0,
15870047,20190419,22,101,105,1,1112.0,
15898549,20190419,23,101,105,1,976.0,
15924315,20190420,0,101,105,1,606.0,
15945224,20190420,1,101,105,1,604.0,
15961649,20190420,2,101,105,1,598.0,
15975460,20190420,3,101,105,1,597.0,
15988724,20190420,4,101,105,1,608.0,
16004742,20190420,5,101,105,1,619.0,
16029067,20190420,6,101,105,1,651.0,
16065431,20190420,7,101,105,1,742.0,
16109460,20190420,8,101,105,1,915.0,
16158713,20190420,9,101,105,1,965.0,
16212216,20190420,10,101,105,1,1082.0,
16269518,20190420,11,101,105,1,1060.0,
16322347,20190420,12,101,105,1,974.0,
16370741,20190420,13,101,105,1,938.0,
16417950,20190420,14,101,105,1,1121.0,
16464892,20190420,15,101,105,1,1217.0,
16512402,20190420,16,101,105,1,1282.0,
16560181,20190420,17,101,105,1,1390.0,
16607562,20190420,18,101,105,1,1515.0,
16652806,20190420,19,101,105,1,1578.0,
16692869,20190420,20,101,105,1,1342.0,
16727602,20190420,21,101,105,1,1159.0,
16757953,20190420,22,101,105,1,1026.0,
16783917,20190420,23,101,105,1,916.0,
16799664,20190421,6,101,105,1,631.0,
16799673,20190421,10,101,105,1,688.0,
16799682,20190421,23,101,105,1,813.0,
16799688,20190421,21,101,105,1,953.0,
16799695,20190421,17,101,105,1,1072.0,
16799698,20190421,7,101,105,1,642.0,
16799708,20190421,9,101,105,1,672.0,
16799715,20190421,13,101,105,1,712.0,
16799724,20190421,22,101,105,1,886.0,
16799734,20190421,3,101,105,1,628.0,
16799741,20190421,4,101,105,1,627.0,
16799747,20190421,5,101,105,1,629.0,
16799755,20190421,14,101,105,1,736.0,
16799770,20190421,15,101,105,1,1062.0,
16799773,20190421,18,101,105,1,1050.0,
16799782,20190421,19,101,105,1,1018.0,
16799787,20190421,16,101,105,1,1046.0,
16799790,20190421,11,101,105,1,706.0,
16799799,20190421,12,101,105,1,702.0,
16799807,20190421,0,101,105,1,653.0,
16799812,20190421,1,101,105,1,645.0,
16799817,20190421,2,101,105,1,636.0,
16799820,20190421,8,101,105,1,648.0,
16799830,20190421,20,101,105,1,978.0,
17560267,20190422,0,101,105,1,610.0,
17578709,20190422,1,101,105,1,604.0,
17592258,20190422,2,101,105,1,598.0,
17603598,20190422,3,101,105,1,594.0,
17615546,20190422,4,101,105,1,592.0,
17631801,20190422,5,101,105,1,623.0,
17659353,20190422,6,101,105,1,741.0,
17701343,20190422,7,101,105,1,952.0,
17752938,20190422,8,101,105,1,1156.0,
17807188,20190422,9,101,105,1,1194.0,
17862978,20190422,10,101,105,1,1252.0,
17920978,20190422,11,101,105,1,1302.0,
17979699,20190422,12,101,105,1,1343.0,
18034525,20190422,13,101,105,1,1202.0,
18083674,20190422,14,101,105,1,1077.0,
18133214,20190422,15,101,105,1,993.0,
18182607,20190422,16,101,105,1,958.0,
18230483,20190422,17,101,105,1,923.0,
18277113,20190422,18,101,105,1,972.0,
18320846,20190422,19,101,105,1,1208.0,
18358354,20190422,20,101,105,1,1113.0,
18390004,20190422,21,101,105,1,989.0,
18417576,20190422,22,101,105,1,887.0,
18440569,20190422,23,101,105,1,811.0,
18465300,20190423,0,101,105,1,605.0,
18483333,20190423,1,101,105,1,602.0,
18498071,20190423,2,101,105,1,597.0,
18510869,20190423,3,101,105,1,605.0,
18524041,20190423,4,101,105,1,605.0,
18540565,20190423,5,101,105,1,614.0,
18567616,20190423,6,101,105,1,662.0,
18605626,20190423,7,101,105,1,773.0,
18648602,20190423,8,101,105,1,907.0,
18695005,20190423,9,101,105,1,937.0,
18743992,20190423,10,101,105,1,996.0,
18795089,20190423,11,101,105,1,1057.0,
18844573,20190423,12,101,105,1,1177.0,
18892931,20190423,13,101,105,1,1186.0,
18942273,20190423,14,101,105,1,1073.0,
18991527,20190423,15,101,105,1,1026.0,
19041267,20190423,16,101,105,1,1051.0,
19089522,20190423,17,101,105,1,1048.0,
19135824,20190423,18,101,105,1,1038.0,
19178783,20190423,19,101,105,1,1167.0,
19215748,20190423,20,101,105,1,1150.0,
19246493,20190423,21,101,105,1,1008.0,
19272505,20190423,22,101,105,1,904.0,
19294295,20190423,23,101,105,1,823.0,
19317159,20190424,0,101,105,1,621.0,
19333680,20190424,1,101,105,1,628.0,
19347165,20190424,2,101,105,1,637.0,
19358949,20190424,3,101,105,1,633.0,
19370729,20190424,4,101,105,1,643.0,
19385118,20190424,5,101,105,1,653.0,
19407982,20190424,6,101,105,1,680.0,
19442428,20190424,7,101,105,1,763.0,
19486845,20190424,8,101,105,1,872.0,
19537286,20190424,9,101,105,1,862.0,
19589340,20190424,10,101,105,1,964.0,
19644710,20190424,11,101,105,1,1030.0,
19700126,20190424,12,101,105,1,958.0,
19749389,20190424,13,101,105,1,966.0,
19796864,20190424,14,101,105,1,977.0,
19845242,20190424,15,101,105,1,947.0,
19893359,20190424,16,101,105,1,891.0,
19939913,20190424,17,101,105,1,858.0,
19984991,20190424,18,101,105,1,975.0,
20027276,20190424,19,101,105,1,1038.0,
20063571,20190424,20,101,105,1,949.0,
20093814,20190424,21,101,105,1,872.0,
20119917,20190424,22,101,105,1,802.0,
20142034,20190424,23,101,105,1,752.0,
20165912,20190425,0,101,105,1,606.0,
20183553,20190425,1,101,105,1,605.0,
20198044,20190425,2,101,105,1,601.0,
20210285,20190425,3,101,105,1,597.0,
20222407,20190425,4,101,105,1,602.0,
20237770,20190425,5,101,105,1,615.0,
20262675,20190425,6,101,105,1,663.0,
20300390,20190425,7,101,105,1,757.0,
20346482,20190425,8,101,105,1,903.0,
20396882,20190425,9,101,105,1,912.0,
20450419,20190425,10,101,105,1,958.0,
20507036,20190425,11,101,105,1,1034.0,
20563564,20190425,12,101,105,1,1009.0,
20618188,20190425,13,101,105,1,949.0,
20667309,20190425,14,101,105,1,926.0,
20716527,20190425,15,101,105,1,946.0,
20765319,20190425,16,101,105,1,1212.0,
20812376,20190425,17,101,105,1,1486.0,
20858222,20190425,18,101,105,1,1679.0,
20900840,20190425,19,101,105,1,1516.0,
20937379,20190425,20,101,105,1,1431.0,
20968273,20190425,21,101,105,1,1235.0,
20994339,20190425,22,101,105,1,1083.0,
21016284,20190425,23,101,105,1,964.0,
21039962,20190426,0,101,105,1,633.0,
21057056,20190426,1,101,105,1,618.0,
21070961,20190426,2,101,105,1,616.0,
21083078,20190426,3,101,105,1,616.0,
21095504,20190426,4,101,105,1,627.0,
21110854,20190426,5,101,105,1,638.0,
21135370,20190426,6,101,105,1,664.0,
21171921,20190426,7,101,105,1,744.0,
21217771,20190426,8,101,105,1,770.0,
21268780,20190426,9,101,105,1,831.0,
21323162,20190426,10,101,105,1,915.0,
21379199,20190426,11,101,105,1,1033.0,
21433252,20190426,12,101,105,1,1032.0,
21482542,20190426,13,101,105,1,1008.0,
21532888,20190426,14,101,105,1,998.0,
21584368,20190426,15,101,105,1,1014.0,
21635783,20190426,16,101,105,1,1222.0,
21686443,20190426,17,101,105,1,1380.0,
21735637,20190426,18,101,105,1,1561.0,
21783642,20190426,19,101,105,1,1662.0,
21827766,20190426,20,101,105,1,1628.0,
21866471,20190426,21,101,105,1,1378.0,
21900708,20190426,22,101,105,1,1168.0,
21928773,20190426,23,101,105,1,1013.0,
21956465,20190427,0,101,105,1,610.0,
21977098,20190427,1,101,105,1,612.0,
21993341,20190427,2,101,105,1,608.0,
22007293,20190427,3,101,105,1,601.0,
22020820,20190427,4,101,105,1,604.0,
22036770,20190427,5,101,105,1,613.0,
22061499,20190427,6,101,105,1,658.0,
22098187,20190427,7,101,105,1,747.0,
22142877,20190427,8,101,105,1,921.0,
22192735,20190427,9,101,105,1,1048.0,
22246822,20190427,10,101,105,1,1064.0,
22303885,20190427,11,101,105,1,1073.0,
22357378,20190427,12,101,105,1,1081.0,
22405411,20190427,13,101,105,1,1043.0,
22452024,20190427,14,101,105,1,1144.0,
22498911,20190427,15,101,105,1,1228.0,
22546777,20190427,16,101,105,1,1393.0,
22594742,20190427,17,101,105,1,1365.0,
22642848,20190427,18,101,105,1,1293.0,
22688760,20190427,19,101,105,1,1263.0,
22729215,20190427,20,101,105,1,1110.0,
22764097,20190427,21,101,105,1,996.0,
22794461,20190427,22,101,105,1,905.0,
22820257,20190427,23,101,105,1,835.0,
22843468,20190428,10,101,105,1,684.0,
22843478,20190428,13,101,105,1,709.0,
22843483,20190428,0,101,105,1,612.0,
22843487,20190428,1,101,105,1,608.0,
22843491,20190428,2,101,105,1,604.0,
22843498,20190428,7,101,105,1,632.0,
22843506,20190428,11,101,105,1,698.0,
22843512,20190428,19,101,105,1,1132.0,
22843526,20190428,8,101,105,1,643.0,
22843535,20190428,22,101,105,1,867.0,
22843540,20190428,3,101,105,1,599.0,
22843544,20190428,4,101,105,1,588.0,
22843551,20190428,5,101,105,1,595.0,
22843557,20190428,14,101,105,1,750.0,
22843563,20190428,17,101,105,1,1176.0,
22843569,20190428,21,101,105,1,945.0,
22843575,20190428,6,101,105,1,612.0,
22843580,20190428,23,101,105,1,800.0,
22843587,20190428,20,101,105,1,1021.0,
22843596,20190428,16,101,105,1,1032.0,
22843598,20190428,9,101,105,1,667.0,
22843603,20190428,18,101,105,1,1172.0,
22843611,20190428,15,101,105,1,825.0,
22843617,20190428,12,101,105,1,699.0,
23603698,20190429,0,101,105,1,596.0,
23622431,20190429,1,101,105,1,597.0,
23636296,20190429,2,101,105,1,592.0,
23648013,20190429,3,101,105,1,595.0,
23659909,20190429,4,101,105,1,599.0,
23675635,20190429,5,101,105,1,634.0,
23702377,20190429,6,101,105,1,735.0,
23742471,20190429,7,101,105,1,950.0,
23791880,20190429,8,101,105,1,981.0,
23844823,20190429,9,101,105,1,950.0,
23899015,20190429,10,101,105,1,1003.0,
23956326,20190429,11,101,105,1,989.0,
24014184,20190429,12,101,105,1,993.0,
24068850,20190429,13,101,105,1,1008.0,
24116528,20190429,14,101,105,1,984.0,
24164265,20190429,15,101,105,1,1245.0,
24211578,20190429,16,101,105,1,1274.0,
24257634,20190429,17,101,105,1,1215.0,
24301764,20190429,18,101,105,1,1183.0,
24342978,20190429,19,101,105,1,1248.0,
24378496,20190429,20,101,105,1,1097.0,
24408250,20190429,21,101,105,1,973.0,
24434019,20190429,22,101,105,1,875.0,
24455658,20190429,23,101,105,1,802.0,
24478770,20190430,0,101,105,1,597.0,
24496249,20190430,1,101,105,1,599.0,
24510570,20190430,2,101,105,1,599.0,
24523285,20190430,3,101,105,1,596.0,
24536334,20190430,4,101,105,1,593.0,
24552511,20190430,5,101,105,1,604.0,
24578902,20190430,6,101,105,1,647.0,
24618816,20190430,7,101,105,1,728.0,
24663173,20190430,8,101,105,1,796.0,
24708630,20190430,9,101,105,1,822.0,
24756522,20190430,10,101,105,1,899.0,
24807715,20190430,11,101,105,1,1093.0,
24856731,20190430,12,101,105,1,1088.0,
24905437,20190430,13,101,105,1,1028.0,
24955194,20190430,14,101,105,1,957.0,
25005426,20190430,15,101,105,1,900.0,
25055807,20190430,16,101,105,1,924.0,
25105374,20190430,17,101,105,1,955.0,
25154059,20190430,18,101,105,1,964.0,
25200949,20190430,19,101,105,1,1120.0,
25243389,20190430,20,101,105,1,1171.0,
25280302,20190430,21,101,105,1,1046.0,
25311631,20190430,22,101,105,1,934.0,
25336889,20190430,23,101,105,1,848.0,
